Seed 40:

[ 0.041994    0.51095334 -0.45144206  0.12938634 -0.06350943  0.43198326
 -0.53050209 -0.26427532 -0.36766996 -0.5966432  -0.1959865   0.01125979
  0.53566344  0.56466946  0.28802392 -0.16007479  0.4027372  -0.6222372
  0.63355661 -0.27977711 -0.21289202 -0.81723266 -0.14638151  0.39572455
 -0.15096375 -0.30421924 -0.21594671 -0.13119521 -0.4999214   0.71363716
  0.0614871   0.28519948 -0.37089968  0.24085663  0.08671993 -0.36622088
  0.06855042 -0.39162707] -0.72

------------------------------------
Seed 20:

[-0.12972099 -0.40724849  2.39011961 -0.89229634 -0.55648742 -0.1231037
  0.18319353 -0.96256292 -0.18259871 -0.0684125  -0.60658751 -0.34640076
  0.56094595 -1.5214003  -1.05639721 -0.44227686 -0.72675193 -0.45225232
  1.81350534  1.80109812  0.71417121 -0.40026057  2.41124379 -0.00282181
 -1.78805694  0.50637578  0.32993688 -0.78620499  0.62281064  0.12961888
 -1.06626089 -1.41420791  1.30495245  0.02045358 -0.05340519  0.71348761
 -0.20108845  0.17967196] -0.79
